732.497
445.718
965.594
403.16
403.381
523.834
135.092
350.904
829.657
650.92
835.765
113.671
683.754
698.43
614.106
14.6395
596.82
974.551
674.458
564.864
371.133
207.892
506.232
642.279
598.139
319.807
559.758
712.325
440.107
534.328
158.757
814.209
64.4183
185.739
736.435
42.7759
921.476
702.762
408.21
271.017
832.238
385.376
561.061
513.196
1.37944
586.259
526.492
74.6082
826.077
60.8513
983.142
103.952
653.42
24.0505
299.996
707.339
2.44237
320.525
720.241
923.919
435.787
132.659
836.735
793.135
135.989
489.113
504.103
762.606
576.384
252.022
192.465
640.622
221.647
124.808
101.778
264.283
153.951
358.62
235.813
885.246
730.75
654.405
179.748
947.106
570.192
837.597
898.398
741.401
777.154
165.432
863.053
607.238
273.899
206.891
889.96
477.552
680.366
573.266
143.414
570.979
458.076
288.352
174.483
362.364
597.669
643.264
887.357
936.887
787.065
990.875
223.318
912.821
772.246
628.887
557.342
991.907
401.671
718.519
647.314
70.3573
250.306
590.825
381.884
988.49
328.288
388.634
220.935
752.977
124.208
269.12
372.681
554.726
502.022
71.9872
123.391
187.384
711.586
638.293
272.736
945.463
936.816
842.885
121.762
772.101
800.474
543.47
797.486
284.433
506.578
123.302
506.121
944.601
597.434
716.503
49.9223
976.379
826.301
463.001
421.66
196.428
969.674
794.099
64.7187
955.177
797.194
251.664
190.817
789.324
163.181
654.945
455.356
161.966
783.801
891.012
409.395
464.353
511.842
501.827
428.246
256.266
398.132
125.932
588.696
922.024
610.568
45.7651
259.858
565.109
838.782
366.603
164.639
1.42268
641.421
210.129
937.842
860.162
509.061
786.619
910.886
456.328
474.739
618.767
252.155
2.85076
360.115
728.117
487.97
141.344
984.258
296.134
897.186
421.486
204.055
643.896
852.417
717.02
234.244
163.41
19.8806
666.387
125.078
113.551
506.873
205.978
875.608
736.631
865.865
277.011
728.595
95.5893
438.227
554.038
242.041
74.8095
864.574
35.0727
316.354
561.561
604.738
497.343
219.131
568.063
732.371
978.671
204.567
981.181
643.16
191.48
259.493
574.737
954.679
271.417
525.034
872.456
654.864
2.61208
96.8931
201.53
335.102
294.554
390.266
671.81
539.966
141.597
453.371
718.621
641.55
748.087
217.613
751.205
855.452
686.116
993.368
339.789
845.365
440.904
990.39
132.272
687.302
58.7979
864.85
396.544
839.444
524.904
264.996
428.43
664.613
199.342
574.434
54.2507
684.369
383.121
581.045
396.018
903.73
352.647
474.512
327.249
17.5251
174.848
945.489
272.411
24.3632
939.932
73.3775
251.985
300.232
5.76333
610.743
863.155
562.72
878.866
374.347
599.131
834.864
186.054
181.809
948.084
208.624
988.686
431.89
896.716
166.978
169.543
471.402
997.449
297.646
707.331
58.7485
596.244
808.437
32.8123
68.0766
718.041
976.224
641.559
3.06812
559.825
10.5369
187.329
425.348
630.318
995.79
897.076
198.518
302.296
179.128
632.571
37.8196
680.53
111.897
409.661
242.417
406.349
119.745
123.149
146.309
890.84
105.341
647.291
572.862
301.654
748.726
890.934
464.972
296.455
190.286
22.2623
15.848
671.983
38.3442
185.182
946.425
505.746
562.391
677.321
897.395
241.338
35.9268
390.66
134.873
328.378
812.936
655.786
360.676
185.075
798.984
333.769
545.236
803.427
631.942
154.67
999.137
370.028
887.332
700.667
703.27
135.515
66.3008
700.811
189.625
612.633
528.218
512.402
302.695
176.927
760.899
696.995
646.513
537.056
640.449
836.027
2.31578
909.74
367.741
533.076
823.824
679.318
308.509
808.733
985.154
617.947
260.075
902.11
478.356
884.415
192.693
31.9688
200.568
673.582
852.521
442.473
222.808
252.448
545.224
598.569
3.37797
948.845
932.19
53.9879
6.90387
925.749
156.384
499.877
944.993
821.227
216.814
235.051
521.519
491
135.636
403.872
172.534
595.635
63.869
411.755
454.802
2.36283
247.749
602.293
219.961
40.5173
412.699
864.015
729.304
385.603
0.925138
725.763
947.196
44.9876
502.643
689.694
151.101
525.215
359.922
986.914
952.25
618.951
416.159
802.727
493.919
297.546
617.178
822.516
425.345
617.229
656.949
583.246
833.259
500.922
484.94
213.595
944.043
676.683
227.086
199.705
638.523
650.772
957.386
324.564
109.369
232.341
118.133
470.006
643.138
305.754
103.751
57.3445
635.932
700.523
406.276
424.623
628.683
701.88
10.4497
921.494
912.059
411.964
575.443
708.726
598.009
843.64
488.205
48.3295
408.913
707.939
464.433
62.3105
566.371
304.127
560.172
443.052
153.617
737.392
972.038
339.316
657.548
385.164
166.062
393.873
984.387
849.054
242.168
911.755
196.968
148.425
416.266
708.137
489.647
394.577
741.978
921.839
117.836
805.566
226.984
979.452
258.163
575.648
603.994
221.099
440.258
754.343
873.348
979.807
56.1621
630.126
641.234
160.516
985.364
270.743
707.543
448.704
303.458
467.156
132.336
455.642
855.433
240.106
557.941
272.275
93.5796
293.304
689.681
510.725
374.024
316.249
514.216
423.418
62.892
407.671
509.52
292.838
876.092
24.5943
577.476
747.91
480.724
63.0297
388.099
110
572.119
543.292
735.385
904.543
120.493
873.941
365.782
94.3004
108.237
656.346
71.2892
84.2383
275.827
988.881
803.178
612.029
738.355
919.738
553.34
947.181
469.694
411.369
428.263
508.796
570.28
986.554
199.623
643.941
172.524
644.09
254.51
819.659
977.846
477.108
872.277
752.595
508.336
700.018
148.009
790.249
380.037
229.069
913.625
0.856197
739.86
743.545
620.596
514.892
960.112
311.581
157.297
272.198
510.665
179.604
762.975
484.739
602.731
664.396
419.352
715.979
489.283
293.792
501.843
465.887
608.079
654.991
896.408
137.565
690.333
730.5
537.019
814.504
173.992
941.698
952.763
29.4592
805.649
439.032
58.5634
120.957
640.079
34.8282
64.5243
196.423
600.4
456.736
991.907
988.936
437.854
467.794
534.728
396.604
480.22
83.1233
707.976
911.575
25.8513
580.239
198.467
49.6586
274.331
365.998
204.313
126.584
145.759
90.1588
678.018
489.877
178.665
803.579
887.206
718.367
299.54
250.027
89.9629
441.312
310.996
65.6274
745.813
868.153
922.556
418.923
455.315
965.898
506.058
701.57
831.285
869.117
173.695
606.652
786.645
402.581
484.674
924.623
974.893
534.506
567.497
659.874
193.204
390.441
177.879
251.921
258.151
676.765
767.276
271.228
665.052
342.819
749.048
982.639
506.943
893.66
753.245
389.455
246.178
86.4387
78.0162
219.117
217.647
668.405
842.645
468.527
821.63
188.536
929.208
39.9869
518.261
695.788
328.865
480.767
988.635
820.98
738.762
511.296
476.525
51.2917
798.572
23.9777
143.73
547.399
255.652
800.633
673.05
909.222
779.83
405.565
819.881
807.308
324.816
558.253
594.44
787.832
210.232
55.6641
542.612
781.23
832.28
263.201
428.42
952.448
466.02
234.262
164.127
249.824
413.284
464.439
923.956
746.591
527.21
52.3265
955.438
929.008
707.403
261.97
494.386
687.108
694.719
872.927
471.489
793.084
757.678
557.962
305.54
554.29
837.492
566.362
341.28
479.867
33.7349
995.876
376.87
961.002
871.621
520.284
211.992
303.803
443.915
605.586
369.57
514.806
171.474
285.823
685.115
671.1
905.397
191.511
834.702
840.085
580.821
280.714
112.566
91.8494
736.322
904.732
310.325
681.172
897.956
657.419
994.824
657.153
524.918
251.123
419.615
299.469
814.825
554.255
232.047
453.248
843.628
350.475
270.994
25.578
864.147
266.516
301.199
341.631
266.231
333.618
939.251
601.421
669.543
573.6
808.177
365.182
309.97
903.549
953.67
265.37
720.659
528.135
894.934
307.293
146.676
967.555
996.156
388.366
952.291
400.1
947.605
555.989
853.891
659.341
856.355
801.05
824.512
923.954
620.631
891.056
588.999
280.152
443.784
587.884
39.7931
469.759
471.886
663.163
836.342
10.8983
962.954
249.277
945.132
299.307
48.7986
341.992
889.353
928.282
163.495
38.7113
787.178
275.242
996.481
82.3557
26.677
181.921
49.2803
977.865
955.352
569.186
841.85
890.33
521.297
471.475
826.554
565.741
156.98
146.866
163.757
650.373
830.659
530.767
914.053
265.786
901.411
475.236
616.107
984.454
828.796
532.916
128.134
441.022
745.143
10.6054
100.989
656.178
296.455
179.451
384.897
609.166
471.952
363.761
548.796
288.907
96.2213
801.447
486.312
152.759
331.013
859.092
30.3555
373.891
417.641
150.642
304.344
489.289
762.026
407.719
70.0497
915.386
720.35
566.567
180.074
635.315
329.344
53.614
362.943
751.786
753.197
765.667
13.8313
602.594