28172
27368
5642
15927
23780
16243
3956
24087
1320
10805
12992
7862
17411
27328
31757
6983
22824
19976
8269
8580
21946
29113
4937
12194
29290
20941
12006
3716
4319
21597
24486
23599
27738
18359
31345
6782
15770
1714
8086
5654
22013
14142
20237
14749
30185
22335
4607
8487
25194
2972
23943
497
32284
26002
4795
14930
26956
4687
16358
7662
27994
10428
1816
21037
14177
2458
19937
20204
9754
1488
6745
22386
12030
16131
16739
32677
7851
30312
18995
4477
14473
15830
11022
26298
31149
16160
17233
2770
766
3489
14005
14638
28310
13848
3537
2965
5227
183
16353
27881
558
6518
2501
9233
10867
4781
13901
2870
3859
30178
15283
18226
27342
22239
21097
4933
7733
7432
26901
29962
25544
30444
6619
27818
3931
11290
1242
30032
23742
16694
13305
27101
4508
8780
27619
8668
30372
18275
3664
23224
27623
1878
29063
16684
7297
3295
20768
12028
5500
8693
15375
28899
17393
17752
9182
10444
7792
15978
28986
8261
32162
9024
16817
7984
26669
1273
12986
6843
21976
13902
24054
20627
11760
24683
27317
8789
1258
23037
22716
17734
23881
29837
26694
6723
28611
13324
17224
16891
16031
9391
19449
16731
30817
17149
13458
19018
28073
10790
17490
31895
7769
31894
28102
13103
8694
15050
6727
12692
28497
31842
20164
17802
18278
16248
3522
12564
18308
16945
6816
28830
26286
6801
544
12668
25154
148
3107
3219
24024
32378
31412
22870
14957
31586
14920
11509
26817
21530
26436
22992
15101
30262
19648
818
31129
12639
16523
6460
16253
13038
111
20767
24934
24506
29878
28047
25740
45
31724
27508
18562
29342
9191
26338
10333
22490
29701
19531
30488
28164
11445
10739
23351
3488
8249
13733
28075
31978
2218
23205
24566
3436
32572
25573
19855
14287
30915
5755
15496
10738
27510
20563
4462
31545
499
32545
31345
31528
32644
922
5572
20016
14753
21732
22343
19656
19126
30795
29028
22720
25126
8501
17718
7378
21903
3416
7665
27259
22352
28970
15230
10761
30280
2201
28773
4340
19169
8189
22256
4721
30029
10571
24974
15941
20752
12683
19061
471
447
19084
9867
32650
15623
15574
8071
28745
30192
5600
6483
17252
19811
26243
18101
28826
27627
17839
28975
12407
10424
27485
30756
3808
8681
30660
19259
3052
10763
15056
25609
16117
11996
4048
746
12271
32085
8559
13103
23289
1768
10725
23167
4658
3079
878
22391
12750
20453
7419
29588
23145
14720
10024
11347
9626
1503
3439
6038
2252
28568
3995
26442
23113
28566
3967
20551
11416
31513
26343
22647
29705
25342
22991
20539
10894
14401
30931
31498
26060
22976
2023
11100
4978
3906
15688
21958
20426
21943
27827
24422
2702
16578
29396
11137
28156
5492
29953
11371
15404
603
18728
31655
5794
6331
6662
15696
25632
27419
7066
21175
18621
29955
25562
8270
25659
12293
15268
27333
19094
31226
31735
3954
27353
12430
19299
7158
22581
9727
20414
2334
10580
21281
10265
7431
25067
27302
17138
14470
6799
12700
25772
5062
23241
16695
29244
11827
22892
5585
21540
30103
5926
3887
1445
26755
1878
17926
9264
14321
15133
23229
4895
11303
17080
8565
1954
20703
14605
20295
4348
11428
11651
3276
28911
1919
24599
4579
22644
1235
941
11950
23728
5254
31395
26078
14372
32609
16812
31793
11300
4794
31964
8504
5770
12112
23295
5470
4011
16246
17199
28966
9354
22644
166
29108
332
2858
24784
28303
8172
10230
30628
23717
20272
31192
32309
656
9692
15572
32644
16919
13861
21400
18329
6904
5480
95
18642
19173
3100
9493
27514
11980
518
20156
31645
18779
31403
4110
10523
4804
13835
28516
19964
30141
18828
27606
28419
7627
17717
23972
10886
31425
14620
13781
2429
7555
12066
24861
26328
21008
27869
20996
24854
6848
4566
30277
2579
28874
26101
7028
18721
28168
27705
1764
9051
17407
3500
17608
24118
9242
28823
29336
12377
32054
20466
2231
29871
12899
26398
26450
5050
12009
17879
10891
5930
31626
8292
2519
7086
14599
28688
18084
5386
9190
30686
28224
6250
1393
377
29430
8437
13826
26218
24698
678
5246
14733
12167
32599
5920
9414
31942
12831
22904
20208
9970
17630
19379
24086
6202
9238
26396
27110
16102
9469
3043
29282
31038
20944
27677
11993
30887
20585
10253
18710
24592
5908
32674
22743
8588
25503
15680
13185
24384
10416
15812
25617
21376
25947
14786
24406
1077
6900
13328
18526
17794
21794
12681
22830
20391
30773
7691
17333
27685
18874
706
7939
32291
26444
29097
13495
27152
8109
19021
17078
8330
25109
15317
1315
20606
14281
10303
7307
1169
31728
19692
9311
12223
17826
21599
3496
27970
14403
13634
4598
30646
11791
681
21145
7034
28917
4507
30740
10329
30121
6095
26063
9834
19701
10163
22028
21044
16208
11698
29212
9238
18097
21175
15059
26343
23205
26605
21817
8665
17056
16330
3970
22947
25232
6219
12865
27871
13752
31361
29144
4016
27580
13132
5171
10921
23544
18791
7862
8426
17174
5284
8307
16780
32480
23161
27809
26688
15442
5052
22857
4402
19444
16299
22083
25652
4199
26671
28769
31512
15165
15202
5354
26461
19470
24142
10570
15119
1479
23800
19207
6376
20038
23453
19447
4027
11300
27963
16049
17683
22226
13139
10049
13079
3304
10989
9248
32176
9401
19166
9059
8942
2859
22342
30770
2728
9414
3676
25724
14691
17674
4718
27369
10869
12294
13603
32016
5483
23078
2052
23019
8871
23117
22074
12423
21326
16931
27545
23296
8289
20657
19678
17837
5417
13099
17717
22168
26841
18444
27903
26929
23407
6248
3537
12867
23003
31614
1984
8230
11619
6286
7132
2871
14918
15082
16378
19077
4511
11342
24503
205
23181
2420
11961
13737
22161
17636
28728
3844
1335
19466
22461
16081
11001
650
26410
30972
16224
2008
28155
1441
1644
31491
3531
17277
22838
12497
26650
11938
25044
4113
22861
16238
20093
2093
25846
13757
16365
22015
14166
9310
30475
2789
24609
20676
1482
2584
10880
15102
1869
28729
13916
25066
9038
6445
14042
6053
24768
14379
31266
31301
2995
13843
7781
25803
12921
18946
6174
27731
32263
35
28056
15758
27037
8904
19376
28274
7594
14777
22492
6192
29162
5067
25452
19815
23249
3765
25616
16535
17964
4384
21915
11992
11014
27389
26886
25292